DAY|22
ETF|QQQ|NASDAQ-100 ETF|398.533|404.646|390.8|390.164|394.074|401.272|405.928|397.755|397.737|404.646|395.976|400.725|405.485|396.244|396.605|402.103|398.533|395.324|390.522|389.048|387.04|384.887|387.235|387.776
STOCK|NVDA|NVIDIA Corp.|744.64|778.28|875|897.647|851.127|884.398|890.903|860.633|820.116|778.28|781.637|800.218|782.304|779.521|782.213|766.889|744.64|749.977|736.058|766.606|751.679|775.253|781.852|788.756
CRYPTO|SOL|Solana|118.911|87.9453|105|104.004|100.263|89.502|94.3129|87.3958|80.8643|87.9453|89.4412|92.7574|98.5894|103.584|108.615|110.633|118.911|125.362|135.503|129.363|123.411|117.302|101.556|90.5372
CRYPTO|ETH|Ethereum|2817.36|1953.18|2280|2217.48|2452.59|2220.86|1842.48|1865.16|1911.03|1953.18|2162.26|2100.2|2238.1|2950.55|3047.75|3041.57|2819.74|2817.36|2586.47|2409.77|2548.43|2343.67|2478.1|2241.74|2225.33
STOCK|AMZN|Amazon.com Inc.|196.619|191.344|185.6|187.386|181.309|184.926|189.861|187.247|184.452|191.344|191.584|183.525|191.545|189.27|192.825|197.364|196.619|197.469|190.031|186.004|184.729|183.528|178.722|176.079
STOCK|TSLA|Tesla Inc.|238.369|242.093|245|237.126|233.685|246.781|237.581|232.841|231.14|242.093|238.52|234.693|231.876|233.073|238.034|240.906|238.369|221.975|219.093|220.364|225.683|227.602|227.367|227.187
ETF|SPY|S&P 500 ETF|484.323|461.584|475.5|474.47|471.561|471.766|465.553|458.967|462.848|461.584|459.67|468.361|472.618|474.315|478.215|479.871|484.323|490.139|491.233|498.334|504.011|501.949|506.568|505.457
CRYPTO|BTC|Bitcoin|49979.4|43288.7|43500|43725.4|46675.6|46498.5|41447|43660.9|46145.7|43288.7|43480.3|47166.9|46641.8|50492.2|46557.9|49010.5|49979.4|43461.5|45676.3|52508.9|48285|49480.7|45145|51186
STOCK|MSFT|Microsoft Corp.|492.928|454.371|415.2|421.278|429.066|432.361|426.923|430.54|449.2|454.371|456.784|451.567|447.182|465.196|475.316|484.287|492.928|494.352|488.094|483.732|484.167|470.906|474.182|481.604|398.818
STOCK|AAPL|Apple Inc.|170.901|176.269|178.5|178.287|181.565|180.881|175.225|171.895|170.772|176.269|173.892|173.75|174.243|172.761|167.008|173.451|170.901|166.423|164.77|161.755|159.879|160.849|166.498|173.542
